-7.008907319007665
-1.1230129708078158
-0.0010069306517679968
-0.001190648378350031
-0.0010518221084534554
0.7511321725831079
-0.6601499339826306

-6.947956302196534
-1.9057056456262458
-0.0010078783298359192
-0.0009610630628631328
-0.0012682263867738015
0.6052578059030808
-0.7960279243550503

-6.748248687427501
-2.6323656194141636
-0.0010082084502706125
-0.0010399031832800333
-0.001205804940225057
0.6539449401843622
-0.7565404680802518

-6.717409215461884
-2.7636617931037413
-0.0010076564052343417
-0.0013611075259259287
-0.0008228018703660219
0.8561823799775858
-0.5166712713121386

